  2.8900000e+000  9.6000000e+000  2.8300000e+000  7.7600000e+000  4.3000000e+000  1.5800000e+001
  2.8300000e+000  9.5500000e+000  2.8600000e+000  7.7300000e+000  4.3500000e+000  1.5700000e+001
  2.7200000e+000  9.6000000e+000  2.8000000e+000  7.5500000e+000  4.3000000e+000  1.5400000e+001
  2.7400000e+000  9.6000000e+000  2.7500000e+000  7.6000000e+000  4.2500000e+000  1.5350000e+001
  2.8000000e+000  9.8600000e+000  2.7700000e+000  7.8900000e+000  4.2600000e+000  1.5450000e+001
  2.8000000e+000  1.0110000e+001  2.7300000e+000  8.5000000e+000  4.2100000e+000  1.5400000e+001
  2.7800000e+000  1.0140000e+001  2.7500000e+000  7.9900000e+000  4.2400000e+000  1.5450000e+001
  2.7800000e+000  1.0140000e+001  2.7900000e+000  7.9000000e+000  4.2500000e+000  1.5500000e+001
  2.8500000e+000  1.0010000e+001  2.8000000e+000  8.2100000e+000  4.2900000e+000  1.5750000e+001
  2.8200000e+000  1.0000000e+001  2.7400000e+000  8.2400000e+000  4.4000000e+000  1.6150000e+001
  2.8100000e+000  1.0080000e+001  2.7200000e+000  8.4500000e+000  4.3400000e+000  1.6000000e+001
  2.8300000e+000  1.0050000e+001  2.7500000e+000  8.5500000e+000  4.4800000e+000  1.5970000e+001
  2.8400000e+000  1.0170000e+001  2.7300000e+000  8.4500000e+000  4.5500000e+000  1.5990000e+001
  2.8600000e+000  1.0200000e+001  2.7200000e+000  8.3500000e+000  4.5500000e+000  1.5980000e+001
  2.8000000e+000  1.0150000e+001  2.7000000e+000  8.0500000e+000  4.4500000e+000  1.5500000e+001
  2.7800000e+000  1.0140000e+001  2.6900000e+000  8.1600000e+000  4.3000000e+000  1.5180000e+001
  2.8400000e+000  1.0090000e+001  2.7700000e+000  7.9500000e+000  4.3400000e+000  1.5350000e+001
  2.7300000e+000  9.9800000e+000  2.7100000e+000  7.6700000e+000  4.3000000e+000  1.5300000e+001
  2.7900000e+000  9.8000000e+000  2.7600000e+000  7.5800000e+000  4.3000000e+000  1.5100000e+001
  2.8100000e+000  9.9000000e+000  2.7500000e+000  7.6100000e+000  4.3000000e+000  1.4780000e+001
  2.8200000e+000  9.9000000e+000  2.7700000e+000  7.8000000e+000  4.2000000e+000  1.4700000e+001
  2.8300000e+000  9.8200000e+000  2.7400000e+000  7.8700000e+000  4.1800000e+000  1.4350000e+001
  2.8500000e+000  9.8700000e+000  2.7600000e+000  8.0400000e+000  4.1300000e+000  1.3950000e+001
  2.8900000e+000  9.9200000e+000  2.7600000e+000  8.2800000e+000  4.3000000e+000  1.4000000e+001
  2.8700000e+000  9.9200000e+000  2.7100000e+000  8.3000000e+000  4.1900000e+000  1.3990000e+001
  2.8200000e+000  9.8800000e+000  2.7000000e+000  8.4100000e+000  4.1300000e+000  1.3850000e+001
  2.8600000e+000  1.0000000e+001  2.6700000e+000  8.4400000e+000  4.1000000e+000  1.3800000e+001
  2.9500000e+000  1.0020000e+001  2.6700000e+000  8.0100000e+000  4.2300000e+000  1.3800000e+001
  2.9900000e+000  1.0020000e+001  2.7500000e+000  7.9400000e+000  4.3000000e+000  1.3810000e+001
  3.0400000e+000  1.0000000e+001  2.7500000e+000  7.8300000e+000  4.3800000e+000  1.4000000e+001
  3.0000000e+000  1.0040000e+001  2.7300000e+000  8.1300000e+000  4.4000000e+000  1.4000000e+001
  3.0200000e+000  1.0120000e+001  2.7100000e+000  8.1900000e+000  4.4100000e+000  1.4000000e+001
  2.9700000e+000  1.0160000e+001  2.6500000e+000  8.1600000e+000  4.4300000e+000  1.3940000e+001
  2.9500000e+000  1.0100000e+001  2.7000000e+000  8.2000000e+000  4.4500000e+000  1.3950000e+001
  2.9700000e+000  1.0150000e+001  2.6100000e+000  8.2800000e+000  4.4500000e+000  1.3820000e+001
  2.9700000e+000  1.0200000e+001  2.6400000e+000  8.4800000e+000  4.4500000e+000  1.3830000e+001
  2.9900000e+000  1.0160000e+001  2.6200000e+000  8.3400000e+000  4.4600000e+000  1.3860000e+001
  2.9900000e+000  1.0100000e+001  2.6000000e+000  8.1100000e+000  4.4400000e+000  1.3800000e+001
  2.9700000e+000  1.0090000e+001  2.6000000e+000  7.7400000e+000  4.4400000e+000  1.3800000e+001
  2.9600000e+000  1.0070000e+001  2.6000000e+000  7.6500000e+000  4.4300000e+000  1.3800000e+001
  2.8600000e+000  1.0050000e+001  2.5500000e+000  7.8000000e+000  4.4400000e+000  1.3860000e+001
  2.9700000e+000  1.0020000e+001  2.5800000e+000  7.8500000e+000  4.4700000e+000  1.3950000e+001
  2.9700000e+000  1.0000000e+001  2.5800000e+000  7.6000000e+000  4.4500000e+000  1.3720000e+001
  2.9400000e+000  1.0070000e+001  2.5200000e+000  7.4500000e+000  4.4000000e+000  1.3600000e+001
  2.9500000e+000  1.0050000e+001  2.5000000e+000  7.3900000e+000  4.3500000e+000  1.3600000e+001
  2.9600000e+000  1.0150000e+001  2.5000000e+000  7.4000000e+000  4.3300000e+000  1.3600000e+001
  2.9100000e+000  1.0060000e+001  2.4500000e+000  7.3500000e+000  4.1900000e+000  1.3700000e+001
  2.9300000e+000  1.0070000e+001  2.4200000e+000  7.2900000e+000  4.3800000e+000  1.3700000e+001
  2.9200000e+000  1.0170000e+001  2.4100000e+000  7.2200000e+000  4.4600000e+000  1.3750000e+001
  2.9100000e+000  1.0350000e+001  2.4300000e+000  7.1000000e+000  4.4700000e+000  1.3800000e+001
  2.8500000e+000  1.0400000e+001  2.4100000e+000  7.0500000e+000  4.3800000e+000  1.3700000e+001
  2.9100000e+000  1.0400000e+001  2.4100000e+000  7.1200000e+000  4.4100000e+000  1.3650000e+001
  2.8600000e+000  1.0290000e+001  2.4500000e+000  7.0000000e+000  4.3800000e+000  1.3550000e+001
  2.8500000e+000  1.0200000e+001  2.4500000e+000  7.0200000e+000  4.4100000e+000  1.3550000e+001
  2.8300000e+000  1.0210000e+001  2.4000000e+000  6.8700000e+000  4.4000000e+000  1.3500000e+001
  2.9000000e+000  1.0310000e+001  2.3900000e+000  7.1600000e+000  4.3800000e+000  1.3400000e+001
  2.9200000e+000  1.0300000e+001  2.3700000e+000  7.3000000e+000  4.3500000e+000  1.3300000e+001
  2.9200000e+000  1.0400000e+001  2.3600000e+000  7.1000000e+000  4.2900000e+000  1.3250000e+001
  2.9100000e+000  1.0510000e+001  2.2800000e+000  6.9500000e+000  4.2500000e+000  1.3000000e+001
  2.9000000e+000  1.0700000e+001  2.2100000e+000  7.0000000e+000  4.2000000e+000  1.2800000e+001
  2.7500000e+000  1.0390000e+001  2.0700000e+000  6.7000000e+000  4.0000000e+000  1.2000000e+001
  2.6800000e+000  1.0250000e+001  2.0300000e+000  6.3100000e+000  3.9400000e+000  1.1900000e+001
  2.6800000e+000  1.0370000e+001  2.0700000e+000  6.5300000e+000  3.9500000e+000  1.1990000e+001
  2.5200000e+000  1.0300000e+001  2.0200000e+000  6.3400000e+000  3.7000000e+000  1.1500000e+001
  2.5200000e+000  1.0080000e+001  2.0200000e+000  6.5900000e+000  3.6500000e+000  1.1500000e+001
  2.6200000e+000  1.0500000e+001  2.0900000e+000  6.7000000e+000  3.6900000e+000  1.1980000e+001
  2.6300000e+000  1.0490000e+001  2.1600000e+000  7.1000000e+000  3.7000000e+000  1.2000000e+001
  2.5600000e+000  1.0320000e+001  2.0200000e+000  7.3700000e+000  3.5000000e+000  1.1700000e+001
  2.5000000e+000  1.0190000e+001  2.1000000e+000  7.7000000e+000  3.5900000e+000  1.1900000e+001
  2.6500000e+000  1.0090000e+001  2.0700000e+000  7.8100000e+000  3.7400000e+000  1.2000000e+001
  2.6300000e+000  1.0150000e+001  2.0800000e+000  8.1000000e+000  3.9400000e+000  1.2000000e+001
  2.6800000e+000  1.0330000e+001  2.0900000e+000  8.0400000e+000  4.0400000e+000  1.2620000e+001
  2.7900000e+000  1.0350000e+001  2.2000000e+000  7.8200000e+000  4.1500000e+000  1.2500000e+001
  2.8400000e+000  1.0000000e+001  2.1700000e+000  7.9800000e+000  4.2100000e+000  1.3000000e+001
  2.8300000e+000  1.0290000e+001  2.1700000e+000  7.9800000e+000  4.1800000e+000  1.2900000e+001
  2.7100000e+000  1.0380000e+001  2.2400000e+000  7.8500000e+000  4.1900000e+000  1.3000000e+001
  2.7700000e+000  1.0500000e+001  2.2300000e+000  7.7400000e+000  4.1200000e+000  1.2900000e+001
  2.8900000e+000  1.0650000e+001  2.2600000e+000  7.7500000e+000  4.1400000e+000  1.3000000e+001
  2.8700000e+000  1.0450000e+001  2.1700000e+000  7.5500000e+000  4.0800000e+000  1.2900000e+001
  2.8800000e+000  1.0460000e+001  2.1900000e+000  7.8000000e+000  4.0800000e+000  1.3000000e+001
  2.9200000e+000  1.0480000e+001  2.2200000e+000  8.3700000e+000  4.0800000e+000  1.3100000e+001
  2.9300000e+000  1.0560000e+001  2.3000000e+000  8.2300000e+000  4.1200000e+000  1.3300000e+001
  2.9000000e+000  1.0500000e+001  2.3100000e+000  8.1200000e+000  4.1400000e+000  1.3250000e+001
  2.8000000e+000  1.0450000e+001  2.2700000e+000  8.1200000e+000  4.1100000e+000  1.3290000e+001
  2.8300000e+000  1.0500000e+001  2.3200000e+000  8.1500000e+000  4.2400000e+000  1.3300000e+001
  2.8800000e+000  1.0280000e+001  2.3300000e+000  8.4800000e+000  4.2800000e+000  1.3450000e+001
  2.9000000e+000  1.0260000e+001  2.3300000e+000  8.4800000e+000  4.2400000e+000  1.3400000e+001
  2.8100000e+000  1.0290000e+001  2.3300000e+000  8.2000000e+000  4.1700000e+000  1.3800000e+001
  2.8600000e+000  1.0300000e+001  2.4200000e+000  8.4500000e+000  4.2800000e+000  1.3880000e+001
  2.8600000e+000  1.0270000e+001  2.4400000e+000  8.9500000e+000  4.3500000e+000  1.3970000e+001
  2.8900000e+000  1.0180000e+001  2.4200000e+000  9.0700000e+000  4.3800000e+000  1.4100000e+001
  2.8600000e+000  1.0070000e+001  2.3900000e+000  8.7800000e+000  4.3900000e+000  1.4000000e+001
  2.8200000e+000  9.8500000e+000  2.3900000e+000  8.7700000e+000  4.3300000e+000  1.3990000e+001
  2.7800000e+000  9.7000000e+000  2.3400000e+000  8.8600000e+000  4.3200000e+000  1.3690000e+001
  2.7500000e+000  9.7700000e+000  2.3300000e+000  8.6100000e+000  4.2800000e+000  1.3600000e+001
  2.6700000e+000  9.9000000e+000  2.4000000e+000  8.8000000e+000  4.4000000e+000  1.3700000e+001
  2.6100000e+000  9.7500000e+000  2.4600000e+000  8.9000000e+000  4.4700000e+000  1.3890000e+001
  2.5800000e+000  9.7500000e+000  2.4500000e+000  9.1400000e+000  4.4900000e+000  1.3980000e+001
  2.5900000e+000  9.8000000e+000  2.5200000e+000  9.1000000e+000  4.5000000e+000  1.4200000e+001
  2.5900000e+000  9.8600000e+000  2.4600000e+000  9.3000000e+000  4.4900000e+000  1.4000000e+001
  2.5800000e+000  9.9800000e+000  2.4900000e+000  9.4700000e+000  4.5500000e+000  1.4000000e+001
  2.6200000e+000  1.0040000e+001  2.4200000e+000  9.1800000e+000  4.5400000e+000  1.3990000e+001
  2.5700000e+000  9.9900000e+000  2.4300000e+000  9.3000000e+000  4.5900000e+000  1.3850000e+001
  2.5900000e+000  9.8100000e+000  2.4500000e+000  9.4200000e+000  4.6100000e+000  1.4000000e+001
  2.6200000e+000  9.7500000e+000  2.4400000e+000  9.4500000e+000  4.5700000e+000  1.4050000e+001
  2.6300000e+000  9.6100000e+000  2.4400000e+000  9.0000000e+000  4.5700000e+000  1.4100000e+001
  2.6400000e+000  9.5000000e+000  2.4000000e+000  8.8600000e+000  4.5700000e+000  1.4000000e+001
  2.6200000e+000  9.7300000e+000  2.4500000e+000  8.8500000e+000  4.6000000e+000  1.4360000e+001
  2.5700000e+000  9.5000000e+000  2.4500000e+000  8.8000000e+000  4.5500000e+000  1.4550000e+001
  2.5300000e+000  9.6000000e+000  2.4300000e+000  8.6600000e+000  4.5000000e+000  1.4700000e+001
  2.5400000e+000  9.5900000e+000  2.4200000e+000  8.7800000e+000  4.5100000e+000  1.4800000e+001
  2.5500000e+000  9.5900000e+000  2.4000000e+000  8.7600000e+000  4.4800000e+000  1.4380000e+001
  2.5300000e+000  9.5900000e+000  2.3800000e+000  8.6900000e+000  4.4000000e+000  1.4300000e+001
  2.5200000e+000  9.6400000e+000  2.4200000e+000  8.6300000e+000  4.4700000e+000  1.4250000e+001
  2.5300000e+000  9.5000000e+000  2.4000000e+000  8.4100000e+000  4.4000000e+000  1.4050000e+001
  2.5100000e+000  9.6000000e+000  2.4300000e+000  8.5400000e+000  4.5000000e+000  1.4000000e+001
  2.5600000e+000  9.5000000e+000  2.4200000e+000  8.5100000e+000  4.5900000e+000  1.3900000e+001
  2.5200000e+000  9.5500000e+000  2.3800000e+000  8.3000000e+000  4.5200000e+000  1.3900000e+001
  2.4300000e+000  9.5100000e+000  2.3600000e+000  8.5900000e+000  4.5200000e+000  1.3950000e+001
  2.3700000e+000  9.5100000e+000  2.3800000e+000  8.8500000e+000  4.5400000e+000  1.4090000e+001
